1 54779781
2 54780153
3 54780165
4 54780171
5 56542787
6 54780175
7 54780191
8 54780211
9 54780253
10 54780261
11 54780267
12 54780273
13 54780279
14 54780285
15 54780337
16 54780339
17 54780343
18 54780347
19 54780351
20 54780361
21 54780367
22 54780371
23 54780373
24 54780377
25 54780381
26 54780383
27 54780385
28 54780387
29 54780391
30 54780393
31 54780395
32 54780399
33 54780403
34 54780407
35 54781113
36 54781119
37 54781127
38 54781133
39 54781139
40 54781145
41 54781149
42 54781153
43 54781155
44 54781161
45 54781173
46 54781181
47 54781189
48 54781203
49 54781215
50 54781223
51 54781235
52 54781245
53 54783421
54 54783423
55 54783427
56 54783433
57 54783469
58 54783473
59 54783487
60 54783493
61 54783497
62 54783505
63 54783511
64 54783515
65 54819397
66 54819399
67 54819401
68 54819405
69 54819407
70 54819409
71 54819411
72 54819553
73 54819559
74 54819567
75 54819571
76 54819573
77 54819577
78 54819631
79 54819637
80 54819639
81 54819641
82 54819643
83 54819669
84 54819673
85 54819675
86 54819677
87 54819681
88 54819683
89 54819813
90 54903339
91 54819825
92 54819829
93 54819833
94 54819837
95 56469849
